75
91
125
131
146
149
165
166
167
202
208
225
236
238
274
291
306
315
318
323
327
329
366
388
391
400
404
416
424
453
471
471
472
475
491
497
510
519
540
556
559
566
594
612
615
618
638
641
659
663
668
678
679
683
719
736
755
757
758
758
780
795
818
826
835
836
840
843
846
855
871
897
923
931
983
984
1001
1025
1044
1174
1214
1309
1343
1356
1384
1386
1409
1480
1488
1513
1560
1564
1593
1685
1866
1866
1885
1888
1906
1973
2108
2137
2147
2239
2277
2298
2320
2327
2376
2495
2611
2628
2664
2800
3063
3200
3496
