2
4
4
6
6
8
9
10
10
14
15
15
16
17
18
19
19
20
20
21
21
22
22
22
25
25
25
25
26
27
27
28
28
29
29
32
34
34
34
34
34
35
36
36
37
37
38
39
39
39
40
42
42
43
44
44
44
45
45
46
47
47
48
50
50
50
51
51
51
52
55
56
56
57
58
58
58
59
59
61
61
62
63
64
64
66
67
68
68
68
68
69
71
73
77
78
80
80
80
81
83
83
85
87
88
90
92
95
95
97
99
100
100
100
111
114
118
119
126
126
127
129
131
132
137
139
140
155
169
170
174
175
176
177
181
183
191
191
192
194
195
199
200
206
208
210
214
217
235
249
253
257
258
264
265
266
270
276
292
294
295
298
308
310
320
323
326
328
357
372
381
384
402
471
499
522
534
538
559
560
715
725
811
840
865
1578
1655
1804
