2
3
5
5
5
8
8
8
8
9
9
9
10
10
10
11
11
11
12
12
12
12
13
13
13
14
14
14
14
14
15
15
16
16
16
17
17
17
18
18
18
18
20
21
21
24
28
28
28
30
31
33
34
34
35
36
36
37
37
38
38
38
38
39
39
40
40
41
42
42
43
46
46
46
47
47
47
48
51
51
51
51
51
52
53
54
56
58
60
60
67
68
71
73
73
73
75
75
76
76
77
78
79
80
80
80
82
85
86
92
93
93
94
96
96
96
98
99
99
101
103
103
106
106
109
109
109
112
114
120
121
122
124
127
128
131
135
136
136
137
140
141
142
148
151
152
153
158
158
160
164
167
169
172
176
177
180
180
180
184
184
186
186
187
189
191
193
198
200
202
205
207
213
216
216
216
217
217
221
225
226
227
228
232
233
233
234
236
237
238
238
240
242
242
244
244
252
257
257
258
259
262
273
274
276
276
278
283
283
285
286
288
290
292
297
298
304
307
310
316
318
321
322
323
327
329
336
337
340
341
346
361
385
395
403
404
415
418
426
439
452
455
463
471
485
502
515
518
520
536
537
559
567
575
575
585
590
594
594
597
607
615
618
623
631
650
654
666
681
684
693
701
707
769
780
820
859
879
896
909
914
947
1008
1052
1072
1136
1151
1174
1294
1337
1388
1467
1468
1481
1614
1826
1885
