2
2
2
2
2
2
3
3
4
4
4
4
4
4
5
5
5
5
6
6
7
7
8
8
9
10
10
10
10
11
11
12
12
12
13
13
14
14
15
15
16
17
19
20
21
24
26
27
29
29
30
31
32
32
33
50
56
57
59
62
63
67
69
70
83
91
94
109
110
113
115
115
117
133
140
140
151
160
164
169
169
174
181
186
187
192
194
196
202
203
204
206
206
207
209
209
210
211
214
227
230
235
237
239
240
259
262
264
264
266
280
280
281
282
284
285
287
300
300
300
302
304
311
318
325
330
338
344
344
357
379
379
387
391
393
396
399
414
419
428
432
447
448
449
463
486
492
492
497
506
509
529
532
554
554
556
562
566
566
569
569
571
580
626
630
634
635
638
679
679
686
688
732
756
772
785
787
792
796
796
812
850
853
911
937
942
945
1020
1021
1043
1053
1067
1080
1105
1117
1138
1157
1168
1184
1187
1293
1467
1468
1799
1958
2928
3493
3591
3716
