5
6
7
7
11
13
15
15
16
16
16
16
19
20
20
21
21
22
24
25
25
26
26
26
28
31
31
32
32
33
34
35
36
36
37
37
37
37
37
38
38
39
39
39
40
41
42
42
43
43
43
44
45
45
45
46
46
47
47
47
48
48
48
49
50
50
51
51
52
53
53
53
54
54
55
55
55
55
57
57
58
59
59
59
59
60
60
60
61
61
61
61
62
62
63
63
65
65
66
67
69
70
72
72
72
73
75
75
76
76
76
77
77
78
78
81
82
82
85
87
87
87
87
88
88
89
90
92
93
97
97
97
100
100
101
105
107
107
108
112
116
116
116
117
118
121
121
123
125
126
126
131
132
132
138
141
141
142
142
143
143
144
147
148
148
149
149
151
153
155
158
163
163
164
167
168
168
170
172
172
175
181
181
182
182
186
187
187
191
192
193
195
197
200
204
206
206
208
212
218
219
230
240
243
248
257
259
268
269
283
292
293
299
306
343
364
368
376
392
406
415
445
448
468
473
491
513
588
594
623
638
651
835
881
1018
1658
1738
