2
3
3
3
4
4
4
4
5
5
5
5
5
6
6
6
6
7
7
7
8
8
9
10
10
10
10
11
11
12
12
13
14
15
16
18
20
21
22
23
24
24
24
25
26
26
31
32
32
34
38
41
41
43
45
46
48
49
50
51
52
52
83
84
85
86
87
89
103
104
112
116
127
131
136
136
138
141
142
144
170
178
184
184
190
191
191
191
195
203
215
220
228
231
232
248
253
260
263
266
268
270
274
277
278
279
280
287
292
296
297
303
304
315
316
327
327
333
337
339
341
349
355
356
360
361
364
365
368
385
392
419
434
434
471
476
489
489
491
492
496
499
505
541
546
552
557
576
587
614
633
633
636
650
659
677
704
712
723
757
770
770
773
774
780
785
790
794
838
841
849
855
882
893
914
928
957
979
989
1012
1022
1026
1059
1063
1120
1123
1172
1243
1283
1321
1327
1371
1410
1501
1508
1724
1869
1994
2053
2155
2157
2191
2242
2398
2552
3556
