2
3
3
4
7
7
8
8
9
10
12
14
14
14
15
15
15
18
19
19
19
21
21
22
24
25
25
25
28
28
29
29
32
34
36
42
49
49
52
53
58
59
60
67
79
87
87
88
89
89
90
90
91
91
94
96
104
105
106
107
108
109
112
112
115
118
123
127
133
134
139
143
144
145
149
150
150
156
157
166
169
170
181
182
192
199
204
209
210
213
217
219
223
223
226
236
242
245
251
253
279
303
303
320
329
332
351
352
369
372
374
375
391
395
400
405
406
417
419
457
472
481
482
490
499
504
551
552
553
599
599
600
620
644
670
753
757
835
875
878
977
983
1192
1316
1488
1602
1751
2092
