4
7
12
12
13
16
18
20
21
21
21
25
25
26
30
32
33
39
39
44
44
49
53
56
56
57
69
71
71
73
73
73
74
74
75
77
78
78
78
79
80
81
82
90
92
93
93
94
95
96
99
100
102
102
103
103
103
107
107
108
110
114
115
116
117
118
119
122
122
127
129
130
130
131
133
137
138
139
140
140
140
143
144
145
154
156
156
160
163
163
168
170
170
171
172
173
174
175
176
177
177
178
181
182
187
192
195
196
197
197
198
199
202
206
207
208
209
211
213
213
213
214
215
216
217
218
219
219
224
225
229
230
232
232
235
235
235
239
239
241
244
247
248
249
252
255
255
257
258
260
265
270
276
278
281
285
290
291
293
294
302
303
318
322
338
344
347
368
372
375
377
382
386
387
394
397
405
413
413
419
422
427
428
432
452
470
477
481
498
514
549
553
574
577
587
589
634
673
678
729
746
767
813
887
975
1151
1256
1326
1333
1351
1438
1562
1616
