3
3
7
7
8
9
10
11
11
11
12
18
24
25
25
27
30
32
33
34
34
37
40
41
43
44
46
47
55
56
59
59
64
67
71
72
75
78
81
82
84
91
91
92
100
100
107
111
113
114
117
118
120
123
124
126
128
129
130
131
132
134
137
138
139
139
142
143
143
151
151
152
156
158
158
160
160
160
162
164
168
171
171
176
176
176
177
177
177
178
178
179
182
183
186
187
187
191
192
192
200
201
203
205
206
208
210
211
214
214
215
215
216
217
218
220
221
222
222
225
226
228
229
231
231
233
236
237
238
240
241
242
242
243
253
255
257
258
261
263
264
271
271
272
274
277
281
282
289
291
294
295
296
301
302
307
307
319
320
322
326
328
330
330
344
348
355
363
368
377
379
385
385
394
396
401
401
422
423
457
481
482
510
513
514
518
541
541
547
557
558
562
701
727
729
742
807
812
833
845
852
865
896
900
917
920
951
957
1154
1169
1181
1313
1436
1494
