5
8
9
9
9
10
11
12
12
12
13
13
14
15
16
17
18
19
20
20
21
21
22
23
23
24
24
24
25
25
26
26
27
27
28
28
29
29
31
34
34
34
34
35
37
38
41
42
42
42
42
45
46
46
48
48
48
49
49
50
50
51
54
54
58
60
60
62
64
68
68
70
71
73
75
76
77
80
81
81
84
85
85
85
86
86
87
87
88
92
92
95
95
96
96
99
101
101
103
104
106
108
115
116
117
118
119
120
121
124
124
125
127
127
131
133
134
134
136
136
141
142
144
152
152
154
156
157
157
164
167
167
171
172
173
182
186
187
189
202
213
219
219
225
226
227
234
241
241
244
245
272
274
284
296
312
323
351
359
369
386
393
443
462
499
523
568
726
728
745
798
845
847
849
962
1016
1557
