4
8
9
9
9
10
11
16
17
17
18
20
32
34
34
37
39
39
48
49
52
54
54
57
59
63
65
65
66
66
66
68
72
73
73
74
75
76
76
76
76
78
78
80
89
89
93
93
93
94
94
95
98
100
101
103
104
105
106
106
106
107
110
112
113
113
116
116
117
117
119
120
120
121
124
124
124
125
125
128
128
128
129
129
130
131
131
132
132
132
133
134
134
134
135
135
136
136
139
139
140
141
141
143
143
147
147
149
149
149
150
151
152
158
158
159
161
166
166
168
170
171
172
172
177
177
178
178
180
181
181
182
182
183
186
187
190
190
192
194
198
198
198
199
206
206
209
212
213
214
215
222
223
225
227
229
231
234
238
239
240
244
250
257
260
262
265
266
269
269
276
276
278
287
290
294
296
296
298
310
311
314
316
316
318
321
322
334
336
338
355
361
365
366
372
376
378
385
405
408
414
414
427
431
431
438
439
443
531
535
536
556
569
578
581
583
585
589
618
749
796
887
889
891
1040
1094
1121
1179
1249
1341
