2
3
5
5
5
6
6
7
10
11
12
14
16
17
19
22
22
23
24
28
31
43
50
54
56
56
58
58
60
61
61
61
62
65
66
70
74
75
75
77
78
79
79
80
84
84
87
88
93
93
93
95
100
102
103
106
107
108
108
108
109
110
111
113
114
119
123
123
124
124
124
130
132
132
133
133
135
137
138
143
146
147
148
156
157
157
161
164
168
170
172
174
174
179
181
181
182
184
188
193
193
194
195
196
204
206
208
214
226
227
227
231
231
234
234
235
238
245
246
246
253
261
263
264
277
281
282
290
293
296
297
306
307
312
315
325
335
339
352
355
356
358
382
393
414
419
421
436
444
448
471
480
481
488
495
519
526
536
540
591
608
624
655
693
702
741
804
812
836
865
880
895
904
926
1019
1026
1121
1640
2469
2493
