4
5
6
6
6
7
7
7
7
7
9
13
13
14
15
16
20
20
21
23
39
40
45
46
48
49
49
50
51
51
51
53
54
56
56
57
67
68
71
71
74
75
78
81
82
84
91
94
96
98
99
100
100
101
101
101
101
102
103
107
109
111
113
113
114
118
119
120
126
126
127
128
132
135
138
141
150
150
151
153
154
155
156
160
164
165
167
167
171
174
174
176
177
178
179
180
181
182
186
186
194
195
195
198
205
208
210
212
218
226
231
233
233
234
235
247
261
268
279
279
280
280
288
290
290
293
295
301
301
318
323
333
336
345
362
374
385
397
413
413
417
424
430
437
446
454
455
466
467
513
516
522
534
538
563
563
565
589
656
679
696
709
735
763
792
803
896
978
988
1059
1127
1981
2147
2219
