3
4
4
4
4
4
5
5
5
5
6
6
6
8
9
10
11
14
14
17
18
21
23
42
42
43
45
45
49
49
50
52
55
55
56
56
56
57
58
58
62
64
64
65
65
68
78
78
80
81
85
91
93
94
98
100
103
109
110
110
119
121
131
134
135
136
141
142
144
150
151
152
154
169
173
173
181
181
187
192
193
197
197
201
203
207
211
211
217
221
223
224
227
230
232
233
238
243
249
250
251
254
257
257
268
274
275
288
318
328
329
344
356
360
372
388
393
416
420
429
438
442
444
446
550
564
617
630
633
640
646
649
658
673
681
704
725
732
752
761
771
774
790
796
802
821
858
863
872
924
1024
1058
1124
1127
1177
1329
1338
1394
1737
1747
1760
2717
3039
