3
4
5
5
8
9
12
13
13
13
15
16
18
18
20
20
21
22
23
31
37
39
40
41
41
42
44
47
49
49
49
50
51
51
52
52
52
54
57
62
62
63
66
66
66
67
67
68
68
68
69
69
69
71
73
73
74
74
75
78
78
79
79
80
80
81
82
82
82
83
83
84
88
89
89
93
97
98
99
99
100
101
101
103
103
103
104
105
107
107
109
109
113
113
113
116
117
117
120
121
122
122
123
125
126
130
130
131
131
132
132
132
133
133
133
133
134
135
135
135
138
139
141
142
143
143
143
144
147
149
149
150
151
153
155
155
156
157
160
161
165
166
167
168
168
169
171
171
172
174
176
177
177
178
181
183
183
184
184
184
185
186
188
188
188
189
189
191
191
192
193
194
194
200
200
200
205
210
210
212
213
213
213
213
214
214
214
214
215
215
216
218
227
230
230
232
233
234
237
240
242
246
246
251
253
254
255
257
258
258
260
260
260
267
269
272
274
277
277
280
287
291
292
308
310
312
314
319
319
326
329
331
335
342
349
351
351
352
363
363
363
367
370
374
387
418
418
422
440
489
493
496
506
509
516
524
534
537
557
578
595
596
608
615
631
684
733
838
848
892
948
1008
1084
1128
1142
1158
1207
1309
1451
1570
