6
6
6
8
10
10
16
20
21
30
32
36
36
37
38
39
40
41
41
41
42
42
45
46
47
48
48
49
49
51
51
51
52
52
52
53
54
55
55
56
56
57
58
59
59
60
60
61
61
61
62
62
62
63
63
64
64
65
66
68
69
69
70
70
70
71
73
74
74
74
74
74
74
77
78
78
80
80
80
80
82
83
83
83
84
84
84
85
86
87
88
88
88
89
90
90
91
91
92
92
93
94
94
94
96
96
96
98
99
101
102
102
103
104
109
110
111
113
113
114
114
115
117
118
120
120
121
121
124
126
127
128
132
137
137
139
142
143
154
155
155
156
156
162
163
166
169
172
173
179
189
199
200
210
217
221
237
239
240
283
298
300
335
434
489
543
550
672
986
1510
