3
5
5
6
6
10
14
23
25
26
27
28
35
36
36
46
47
48
49
49
53
53
53
54
54
55
60
62
62
62
62
63
63
64
64
65
65
65
66
67
67
67
68
73
78
78
79
80
80
83
86
90
91
97
98
99
100
100
102
104
104
105
107
108
109
110
110
110
110
111
111
113
116
117
117
118
121
123
123
125
125
129
130
130
131
131
133
133
133
133
134
135
139
140
141
146
147
148
150
151
151
153
154
156
157
160
161
164
169
172
174
177
178
179
180
184
185
186
189
190
192
195
196
202
203
204
204
205
205
206
209
217
221
221
225
226
229
231
231
233
233
235
240
246
249
249
251
257
261
261
265
268
269
276
276
276
278
278
287
290
291
302
307
309
311
318
343
346
347
347
350
350
357
360
363
363
366
379
380
384
409
409
419
421
421
422
425
428
517
525
557
591
644
724
762
784
1185
1255
1686
1698
1906
