3
5
5
6
8
8
11
12
13
14
17
17
20
20
24
25
35
38
52
53
54
55
60
60
63
64
65
65
67
67
68
69
69
71
71
71
72
73
74
75
76
78
78
81
84
86
87
89
89
89
89
90
90
90
93
95
95
96
96
101
102
102
104
105
106
108
109
110
114
120
121
122
128
130
132
132
136
138
139
142
143
146
146
148
148
149
150
151
151
151
151
152
155
157
159
160
166
168
174
176
183
186
187
189
192
198
201
203
206
206
208
209
222
223
225
227
229
232
235
243
245
252
268
269
272
275
278
288
297
302
305
310
313
313
321
325
326
329
336
348
364
365
365
370
377
386
387
415
430
434
450
466
466
499
523
555
573
618
674
747
760
765
810
849
886
915
949
1158
1243
1397
1643
1711
1932
2062
2302
