3
4
4
4
5
5
5
6
6
7
7
9
10
11
11
14
14
14
15
15
15
16
17
17
21
25
29
29
34
35
44
45
46
52
52
56
58
67
73
74
81
82
82
83
83
84
85
86
86
91
92
92
92
92
94
96
97
99
100
101
106
106
108
109
110
111
114
114
117
119
119
121
125
127
130
132
134
134
135
136
137
138
149
149
150
155
155
156
170
180
182
190
193
194
200
209
215
221
222
229
232
233
233
235
247
248
251
257
262
269
274
278
282
282
283
286
287
288
293
297
306
306
314
319
324
331
340
347
368
371
392
394
397
408
418
432
461
485
490
495
500
509
525
526
538
543
553
563
581
618
623
691
705
710
717
731
768
790
832
834
851
862
1021
1164
1209
2189
