4
4
4
6
6
7
7
8
12
15
15
17
18
28
29
30
31
34
36
37
37
39
45
45
46
47
49
49
50
50
51
51
54
55
55
56
58
59
60
61
62
63
63
63
66
69
69
72
74
74
75
76
76
78
79
82
83
85
85
85
88
89
90
95
98
101
102
102
105
105
108
109
109
111
112
113
116
118
120
121
123
124
128
135
136
136
138
141
142
144
146
151
151
152
152
154
157
160
168
169
174
175
177
196
198
201
208
209
217
218
218
219
219
224
225
226
226
226
230
233
234
240
241
241
245
254
255
257
260
263
265
265
266
266
269
270
271
274
277
280
281
283
286
289
293
310
311
317
320
325
331
336
342
345
349
354
366
367
374
376
384
402
419
429
429
431
437
441
454
455
463
483
494
505
516
527
530
538
553
557
582
584
608
622
628
636
689
711
749
892
895
1019
1103
1112
1117
1518
1690
