1
2
2
2
2
2
2
3
3
3
3
4
4
4
5
5
5
5
5
6
6
6
6
6
6
6
7
7
7
7
7
7
7
7
8
8
8
9
9
9
9
10
10
11
12
12
12
12
13
13
14
15
17
17
17
18
18
18
19
20
21
21
23
23
25
26
26
26
28
28
29
31
38
42
42
51
56
59
65
71
75
77
84
101
108
108
113
119
124
125
127
135
140
141
145
163
169
200
212
214
231
240
241
247
258
276
278
285
285
291
298
317
319
358
364
369
372
385
388
409
455
470
475
478
482
486
495
499
535
538
556
557
575
701
729
730
781
788
850
857
909
938
967
1065
1066
1124
1350
1375
1388
1503
1660
1725
1884
1968
2120
2542
