3
4
4
4
5
5
5
6
6
6
8
9
9
9
11
12
12
12
13
13
14
15
15
15
16
16
16
16
16
17
17
17
17
17
18
18
19
20
21
22
23
25
25
31
31
32
33
33
33
34
36
36
36
38
38
41
42
45
47
49
50
56
57
58
66
69
70
71
73
74
76
93
95
96
98
107
110
119
120
132
156
180
252
253
347
348
403
512
571
580
584
593
611
615
615
637
682
752
754
767
781
862
864
878
921
935
969
977
978
990
994
999
1053
1103
1107
1219
1250
1307
1342
1388
1422
1460
1466
1521
1553
1678
1716
1722
1727
1728
1745
1753
1892
1894
1903
2210
2548
2794
2894
2925
3071
3085
3144
8392
