1
3
3
4
4
4
4
5
5
6
6
6
6
7
7
7
8
10
10
10
11
12
13
13
13
14
15
15
15
16
16
16
17
18
19
19
20
20
21
21
22
25
25
28
29
33
37
38
41
45
47
52
57
60
64
64
70
84
88
91
94
114
121
135
139
143
157
195
199
214
221
229
230
255
293
304
319
332
333
414
416
419
442
457
464
464
501
549
563
578
584
611
654
655
668
688
690
693
731
757
769
797
801
824
827
827
840
844
853
865
928
943
947
976
1009
1071
1154
1156
1223
1236
1246
1252
1254
1284
1369
1381
1415
1432
1446
1591
1855
2231
2358
2389
2493
3102
3134
3489
3631
