2
2
3
3
3
4
4
5
5
6
6
6
6
6
7
7
7
7
7
8
8
8
9
10
10
10
11
12
13
13
14
15
15
15
16
17
19
19
19
21
21
22
22
22
23
23
25
27
28
30
32
32
33
33
35
35
37
40
43
46
50
68
88
89
95
102
109
112
132
135
143
145
150
151
153
177
182
183
185
191
236
276
303
315
346
363
399
413
417
418
425
427
429
429
437
452
501
516
526
534
556
572
583
617
622
627
641
665
670
710
713
714
821
882
885
886
887
893
896
919
920
979
998
1004
1046
1198
1200
1206
1267
1377
1386
1517
1523
1525
1559
1573
1573
1660
1751
1877
1882
1903
1937
1980
2078
2250
2355
2374
2506
2514
3047
3255
