2
2
3
3
4
4
4
5
5
6
6
7
7
7
7
7
8
8
9
9
9
10
10
10
10
11
11
12
12
12
12
12
13
13
13
14
14
14
14
15
15
16
16
16
17
17
17
18
18
19
19
21
22
22
26
28
30
31
32
33
34
34
38
42
43
46
47
49
52
54
57
88
94
95
100
133
136
139
155
162
162
170
176
179
183
184
212
224
228
231
232
235
236
242
248
251
259
263
269
272
297
310
325
346
349
370
376
412
439
442
465
535
538
554
575
587
590
592
595
607
690
715
725
733
738
755
764
779
784
824
833
845
854
866
883
899
955
990
1024
1034
1311
1326
1416
1480
1599
1783
1878
1888
2091
2515
