2
3
5
6
6
7
8
9
9
9
9
10
11
12
13
13
14
14
15
15
16
16
17
18
18
18
20
20
20
21
22
23
23
24
24
24
25
25
26
27
27
31
32
32
33
34
39
39
44
46
48
49
50
50
56
57
61
63
63
64
87
100
131
142
152
174
176
206
207
212
216
247
254
257
257
271
289
334
337
355
356
379
391
391
399
404
409
452
490
517
528
532
539
540
559
582
604
673
677
687
702
702
718
719
719
737
738
802
811
828
835
838
851
873
873
895
908
961
1002
1049
1080
1085
1101
1101
1123
1129
1178
1481
1502
1523
1555
1590
1660
1808
1862
1877
2477
2635
2639
2645
2879
2928
2962
3028
3872
